
INSERT INTO pasillo (p_nombre,ti_id) VALUES
('A',1),
('A',2),
('A',3),
('A',4),
('A',5),
('A',6),
('A',7),
('A',8),
('A',9),
('A',10),
('A',11),
('A',12),
('A',13),
('A',14),
('A',15),
('A',16),
('A',17),
('A',18),
('A',19),
('A',20),
('A',21),
('A',22),
('A',23),
('A',24),
('A',25),
('A',26),
('A',27),
('A',28),
('A',29),
('A',30),
('A',31),
('A',32),
('A',33),
('A',34),
('A',35),
('A',36),
('A',37),
('A',38),
('A',39),
('A',40),
('A',41),

INSERT INTO anaquel (an_nombre,p_id) VALUES
('1',1),
('1',2),
('1',3),
('1',4),
('1',5),
('1',6),
('1',7),
('1',8),
('1',9),
('1',10),
('1',11),
('1',12),
('1',13),
('1',14),
('1',15),
('1',16),
('1',17),
('1',18),
('1',19),
('1',20),
('1',21),
('1',22),
('1',23),
('1',24),
('1',25),
('1',26),
('1',27),
('1',28),
('1',29),
('1',30),
('1',31),
('1',32),
('1',33),
('1',34),
('1',35),
('1',36),
('1',37),
('1',38),
('1',39),
('1',40),
('1',41),
INSERT INTO inventario (i_cant,p_id,ti_id,an_id) VALUES 
(900,1,1,1),
(558,2,1,1),
(365,3,1,1),
(415,4,1,1),
(373,5,1,1),
(676,6,1,1),
(620,7,1,1),
(782,8,1,1),
(704,9,1,1),
(410,10,1,1),
(868,1,2,2),
(378,2,2,2),
(447,3,2,2),
(783,4,2,2),
(897,5,2,2),
(499,6,2,2),
(542,7,2,2),
(379,8,2,2),
(455,9,2,2),
(881,10,2,2),
(463,1,3,3),
(964,2,3,3),
(799,3,3,3),
(397,4,3,3),
(816,5,3,3),
(918,6,3,3),
(388,7,3,3),
(567,8,3,3),
(873,9,3,3),
(863,10,3,3),
(876,1,4,4),
(386,2,4,4),
(999,3,4,4),
(893,4,4,4),
(847,5,4,4),
(917,6,4,4),
(667,7,4,4),
(468,8,4,4),
(496,9,4,4),
(706,10,4,4),
(478,1,5,5),
(351,2,5,5),
(515,3,5,5),
(837,4,5,5),
(555,5,5,5),
(896,6,5,5),
(710,7,5,5),
(831,8,5,5),
(395,9,5,5),
(477,10,5,5),
(493,1,6,6),
(537,2,6,6),
(637,3,6,6),
(976,4,6,6),
(807,5,6,6),
(633,6,6,6),
(671,7,6,6),
(423,8,6,6),
(544,9,6,6),
(675,10,6,6),
(964,1,7,7),
(944,2,7,7),
(687,3,7,7),
(448,4,7,7),
(902,5,7,7),
(881,6,7,7),
(832,7,7,7),
(436,8,7,7),
(734,9,7,7),
(449,10,7,7),
(473,1,8,8),
(612,2,8,8),
(690,3,8,8),
(908,4,8,8),
(993,5,8,8),
(813,6,8,8),
(763,7,8,8),
(950,8,8,8),
(409,9,8,8),
(925,10,8,8),
(847,1,9,9),
(667,2,9,9),
(916,3,9,9),
(854,4,9,9),
(481,5,9,9),
(463,6,9,9),
(622,7,9,9),
(373,8,9,9),
(904,9,9,9),
(674,10,9,9),
(472,1,10,10),
(376,2,10,10),
(842,3,10,10),
(679,4,10,10),
(651,5,10,10),
(383,6,10,10),
(392,7,10,10),
(617,8,10,10),
(916,9,10,10),
(655,10,10,10),
(646,1,11,11),
(969,2,11,11),
(596,3,11,11),
(450,4,11,11),
(640,5,11,11),
(500,6,11,11),
(849,7,11,11),
(577,8,11,11),
(674,9,11,11),
(357,10,11,11),
(460,1,12,12),
(965,2,12,12),
(696,3,12,12),
(908,4,12,12),
(508,5,12,12),
(639,6,12,12),
(818,7,12,12),
(686,8,12,12),
(731,9,12,12),
(642,10,12,12),
(597,1,13,13),
(937,2,13,13),
(459,3,13,13),
(562,4,13,13),
(814,5,13,13),
(413,6,13,13),
(853,7,13,13),
(729,8,13,13),
(637,9,13,13),
(763,10,13,13),
(691,1,14,14),
(390,2,14,14),
(930,3,14,14),
(561,4,14,14),
(774,5,14,14),
(747,6,14,14),
(385,7,14,14),
(954,8,14,14),
(928,9,14,14),
(414,10,14,14),
(361,1,15,15),
(620,2,15,15),
(998,3,15,15),
(703,4,15,15),
(880,5,15,15),
(525,6,15,15),
(754,7,15,15),
(902,8,15,15),
(537,9,15,15),
(468,10,15,15),
(749,1,16,16),
(355,2,16,16),
(442,3,16,16),
(583,4,16,16),
(458,5,16,16),
(407,6,16,16),
(891,7,16,16),
(430,8,16,16),
(870,9,16,16),
(411,10,16,16),
(456,1,17,17),
(627,2,17,17),
(964,3,17,17),
(884,4,17,17),
(850,5,17,17),
(716,6,17,17),
(719,7,17,17),
(452,8,17,17),
(996,9,17,17),
(929,10,17,17),
(829,1,18,18),
(564,2,18,18),
(402,3,18,18),
(641,4,18,18),
(369,5,18,18),
(898,6,18,18),
(609,7,18,18),
(929,8,18,18),
(626,9,18,18),
(963,10,18,18),
(505,1,19,19),
(565,2,19,19),
(497,3,19,19),
(994,4,19,19),
(599,5,19,19),
(919,6,19,19),
(827,7,19,19),
(958,8,19,19),
(988,9,19,19),
(781,10,19,19),
(401,1,20,20),
(432,2,20,20),
(944,3,20,20),
(929,4,20,20),
(353,5,20,20),
(357,6,20,20),
(821,7,20,20),
(418,8,20,20),
(806,9,20,20),
(351,10,20,20),
(644,1,21,21),
(828,2,21,21),
(532,3,21,21),
(840,4,21,21),
(353,5,21,21),
(988,6,21,21),
(886,7,21,21),
(490,8,21,21),
(668,9,21,21),
(692,10,21,21),
(482,1,22,22),
(616,2,22,22),
(897,3,22,22),
(535,4,22,22),
(978,5,22,22),
(574,6,22,22),
(635,7,22,22),
(769,8,22,22),
(708,9,22,22),
(951,10,22,22),
(909,1,23,23),
(569,2,23,23),
(995,3,23,23),
(557,4,23,23),
(827,5,23,23),
(489,6,23,23),
(523,7,23,23),
(876,8,23,23),
(941,9,23,23),
(595,10,23,23),
(477,1,24,24),
(388,2,24,24),
(921,3,24,24),
(840,4,24,24),
(399,5,24,24),
(374,6,24,24),
(453,7,24,24),
(771,8,24,24),
(790,9,24,24),
(494,10,24,24),
(888,1,25,25),
(473,2,25,25),
(399,3,25,25),
(464,4,25,25),
(655,5,25,25),
(451,6,25,25),
(975,7,25,25),
(682,8,25,25),
(661,9,25,25),
(589,10,25,25),
(389,1,26,26),
(419,2,26,26),
(504,3,26,26),
(577,4,26,26),
(893,5,26,26),
(572,6,26,26),
(653,7,26,26),
(933,8,26,26),
(748,9,26,26),
(821,10,26,26),
(371,1,27,27),
(566,2,27,27),
(494,3,27,27),
(948,4,27,27),
(399,5,27,27),
(812,6,27,27),
(559,7,27,27),
(405,8,27,27),
(548,9,27,27),
(367,10,27,27),
(493,1,28,28),
(387,2,28,28),
(934,3,28,28),
(750,4,28,28),
(503,5,28,28),
(584,6,28,28),
(452,7,28,28),
(464,8,28,28),
(413,9,28,28),
(603,10,28,28),
(940,1,29,29),
(612,2,29,29),
(730,3,29,29),
(643,4,29,29),
(649,5,29,29),
(552,6,29,29),
(446,7,29,29),
(542,8,29,29),
(695,9,29,29),
(922,10,29,29),
(607,1,30,30),
(564,2,30,30),
(738,3,30,30),
(999,4,30,30),
(836,5,30,30),
(368,6,30,30),
(462,7,30,30),
(687,8,30,30),
(499,9,30,30),
(966,10,30,30),
(623,1,31,31),
(576,2,31,31),
(684,3,31,31),
(619,4,31,31),
(959,5,31,31),
(909,6,31,31),
(816,7,31,31),
(834,8,31,31),
(669,9,31,31),
(817,10,31,31),
(462,1,32,32),
(583,2,32,32),
(691,3,32,32),
(547,4,32,32),
(804,5,32,32),
(688,6,32,32),
(943,7,32,32),
(678,8,32,32),
(415,9,32,32),
(709,10,32,32),
(373,1,33,33),
(879,2,33,33),
(397,3,33,33),
(513,4,33,33),
(374,5,33,33),
(380,6,33,33),
(688,7,33,33),
(402,8,33,33),
(643,9,33,33),
(747,10,33,33),
(425,1,34,34),
(539,2,34,34),
(973,3,34,34),
(362,4,34,34),
(789,5,34,34),
(401,6,34,34),
(568,7,34,34),
(384,8,34,34),
(693,9,34,34),
(594,10,34,34),
(579,1,35,35),
(707,2,35,35),
(367,3,35,35),
(585,4,35,35),
(908,5,35,35),
(523,6,35,35),
(465,7,35,35),
(729,8,35,35),
(452,9,35,35),
(671,10,35,35),
(578,1,36,36),
(447,2,36,36),
(477,3,36,36),
(489,4,36,36),
(491,5,36,36),
(802,6,36,36),
(923,7,36,36),
(785,8,36,36),
(708,9,36,36),
(461,10,36,36),
(843,1,37,37),
(496,2,37,37),
(363,3,37,37),
(429,4,37,37),
(569,5,37,37),
(760,6,37,37),
(731,7,37,37),
(644,8,37,37),
(590,9,37,37),
(523,10,37,37),
(396,1,38,38),
(821,2,38,38),
(441,3,38,38),
(481,4,38,38),
(484,5,38,38),
(427,6,38,38),
(972,7,38,38),
(768,8,38,38),
(997,9,38,38),
(679,10,38,38),
(588,1,39,39),
(554,2,39,39),
(434,3,39,39),
(920,4,39,39),
(767,5,39,39),
(476,6,39,39),
(841,7,39,39),
(595,8,39,39),
(853,9,39,39),
(661,10,39,39),
(609,1,40,40),
(504,2,40,40),
(486,3,40,40),
(462,4,40,40),
(996,5,40,40),
(377,6,40,40),
(724,7,40,40),
(706,8,40,40),
(362,9,40,40),
(678,10,40,40),
(832,1,41,41),
(892,2,41,41),
(497,3,41,41),
(367,4,41,41),
(560,5,41,41),
(684,6,41,41),
(464,7,41,41),
(669,8,41,41),
(655,9,41,41),
(890,10,41,41),
